Q       Pout_1  Pout_5  Pout_10 Pout_15 Pout_20 Pout_30
   0       1       5       10      15      20      30
   1      1.01    5.00   10.00   15.00   20.00   30.00
   2      1.04    5.01   10.00   15.00   20.00   30.00
   4      1.17    5.03   10.02   15.01   20.01   30.01
   8      1.86    5.13   10.07   15.04   20.03   30.02
   10     2.32    5.20   10.10   15.07   20.05   30.04
   20     4.62    5.86   10.41   15.28   20.21   30.14
   30     6.89    7.10   10.94   15.62   20.47   30.32
   40     9.13    9.12   11.71   16.11   20.83   30.56
   50    11.33   11.33   12.75   16.76   21.31   30.88
   60    13.50   13.50   14.08   17.56   21.89   31.27
   70    15.63   15.63   15.74   18.52   22.59   31.72
   80    17.72   17.73   17.73   19.64   23.38   32.25
   90    19.78   19.77   19.77   20.93   24.30   32.84
  100    21.81   21.80   21.80   22.38   25.31   33.50
  110    23.78   23.79   23.79   23.99   26.45   34.22
  120    25.75   25.74   25.74   25.78   27.66   35.01
  130    27.63   27.66   27.66   27.66   28.98   35.86
  140    29.50   29.53   29.53   29.53   30.39   36.77
  150    31.38   31.37   31.37   31.35   31.88   37.73
  160    33.19   33.20   33.20   33.16   33.44   38.73
  170    34.94   34.96   34.96   34.98   35.08   39.79
  180    36.69   36.72   36.72   36.68   36.72   40.90
  190    38.38   38.44   38.44   38.44   38.44   42.04
  200    40.06   40.08   40.08   40.08   40.08   43.24
  210    41.75   41.72   41.72   41.72   41.72   44.41
  220    43.38   43.36   43.36   43.36   43.36   45.64
  230    44.94   44.92   44.92   44.94   44.92   46.93
